%YAML:1.0
---
image_width: 1920
image_height: 1200
multi_camera_parameters: 1

projection_parameters_front:
   k2: 9.1313613819554735e-03
   k3: -1.3731544913996242e-03
   k4: -4.5725204878421655e-05
   k5: -2.4278906846103424e-04
   mu: 4.5594174289881028e+02
   mv: 4.5679606124437345e+02
   u0: 9.6438847810264247e+02
   v0: 5.9823588085392078e+02

projection_parameters_back:
   k2: 9.1901145460057329e-03
   k3: -1.5908916593894390e-03
   k4: -2.0484504357236658e-04
   k5: -2.1340994545765253e-04
   mu: 4.5785734869670824e+02
   mv: 4.5874352831958907e+02
   u0: 9.5584069156275848e+02
   v0: 6.0741488718844016e+02

projection_parameters_left:
   k2: 8.7081272035440874e-03
   k3: -2.5780968696930183e-03
   k4: 1.1304542546187019e-03
   k5: -5.4367173194465367e-04
   mu: 4.5762813940164392e+02
   mv: 4.5872800847685318e+02
   u0: 9.4583254729438920e+02
   v0: 5.9867633144220486e+02

projection_parameters_right:
   k2: 6.1890971292731497e-03
   k3: 4.0808245147003529e-03
   k4: -3.7997533360218986e-03
   k5: 6.3982601908485124e-04
   mu: 4.5713156487443990e+02
   mv: 4.5818033876423107e+02
   u0: 9.6782971955671235e+02
   v0: 6.0373051463517197e+02
