%YAML:1.0
---
image_width: 1920
image_height: 1200
multi_camera_parameters: 1

projection_parameters_front:
   k2: 1.0207199920593806e-02
   k3: -1.4847060093486062e-03
   k4: -2.6992576464429538e-04
   k5: -1.8270403948158942e-04
   mu: 4.5843278658383042e+02
   mv: 4.5919481297099037e+02
   u0: 9.6213353968101399e+02
   v0: 5.9711904450528505e+02

projection_parameters_back:
   k2: 1.1472706357204892e-02
   k3: -3.3981772510176139e-03
   k4: 6.7281942554062776e-04
   k5: -3.7794659505870288e-04
   mu: 4.5862877732627732e+02
   mv: 4.5950537932000009e+02
   u0: 9.5494087469263093e+02
   v0: 6.0882062204386227e+02

projection_parameters_left:
   k2: 1.1545805292288500e-02
   k3: -1.2865731654118613e-03
   k4: -6.1272492663060128e-04
   k5: -1.2770392884509926e-04
   mu: 4.5659259082647151e+02
   mv: 4.5741446293067531e+02
   u0: 9.4374101342889128e+02
   v0: 5.9835944896071237e+02

projection_parameters_right:
   k2: 1.9141555049944661e-02
   k3: -9.5980273666978998e-03
   k4: 3.6005872862645625e-03
   k5: -8.6723249943809885e-04
   mu: 4.5559495519015064e+02
   mv: 4.5653903248863639e+02
   u0: 9.6685499117130689e+02
   v0: 6.0440922206380162e+02
   
rotation_front: !!opencv-matrix
   rows: 1
   cols: 3
   dt: d
   data: [ 1.46029527861809, -1.515143891326397, 0.9966576618986537 ]
   
translation_front: !!opencv-matrix
   rows: 1
   cols: 3
   dt: d
   data: [ -0.01018041735540105, 1.704292622175996, -2.143091669791071 ]  
   
rotation_right: !!opencv-matrix
   rows: 1
   cols: 3
   dt: d
   data: [ -0.1718093429126918, 2.849715385911955, -1.068944037187047 ]
   
translation_right: !!opencv-matrix
   rows: 1
   cols: 3
   dt: d
   data: [ 0.8724598513523214, 1.541319722314146, -0.06523406443459938 ]
   
rotation_back: !!opencv-matrix
   rows: 1
   cols: 3
   dt: d
   data: [ 1.51393239660666, 1.600445703697081, -0.9068276929752679 ]
   
translation_back: !!opencv-matrix
   rows: 1
   cols: 3
   dt: d
   data: [ -0.1767671154148259, 1.838483618966591, -2.047853477690579 ]
   
rotation_left: !!opencv-matrix
   rows: 1
   cols: 3
   dt: d
   data: [ 2.293755476717185, 0.04367713164762661, 0.01166781715775387 ]
   
translation_left: !!opencv-matrix
   rows: 1
   cols: 3
   dt: d
   data: [ -1.175692980063988, 1.372317800641563, -0.3101937931155294 ]          
   
