%YAML:1.0
---
image_width: 1280
image_height: 720
camera_matrix: !!opencv-matrix
   rows: 3
   cols: 3
   dt: d
   data: [ 4.1792892206207449e+02, 0., 6.4361725246074286e+02, 0.,
       4.1518938786301362e+02, 3.6603552137813000e+02, 0., 0., 1. ]
distortion_coefficients: !!opencv-matrix
   rows: 1
   cols: 4
   dt: d
   data: [ -2.6990103778714664e-02, -5.2414775190940087e-03, 0., 0. ]
