%YAML:1.0
---
image_width: 1280
image_height: 720
multi_camera_parameters: 0
projection_parameters_front:
   k2: -1.8310892449280011e-02
   k3: -8.0291311715055061e-03
   k4: 0.
   k5: 0.
   mu: 4.1574805506775647e+02
   mv: 4.1175440329281696e+02
   u0: 6.3515509909685522e+02
   v0: 3.7360145178121849e+02

projection_parameters_right:
   k2: -1.8310892449280011e-02
   k3: -8.0291311715055061e-03
   k4: 0.
   k5: 0.
   mu: 4.1574805506775647e+02
   mv: 4.1175440329281696e+02
   u0: 6.3515509909685522e+02
   v0: 3.7360145178121849e+02

projection_parameters_back:
   k2: -1.8310892449280011e-02
   k3: -8.0291311715055061e-03
   k4: 0.
   k5: 0.
   mu: 4.1574805506775647e+02
   mv: 4.1175440329281696e+02
   u0: 6.3515509909685522e+02
   v0: 3.7360145178121849e+02

projection_parameters_left:
   k2: -1.8310892449280011e-02
   k3: -8.0291311715055061e-03
   k4: 0.
   k5: 0.
   mu: 4.1574805506775647e+02
   mv: 4.1175440329281696e+02
   u0: 6.3515509909685522e+02
   v0: 3.7360145178121849e+02      

