%YAML:1.0
---
image_width: 1280
image_height: 720
camera_matrix: !!opencv-matrix
   rows: 3
   cols: 3
   dt: d
   data: [ 4.1574805506775647e+02, 0., 6.3515509909685522e+02, 0.,
       4.1175440329281696e+02, 3.7360145178121849e+02, 0., 0., 1. ]
distortion_coefficients: !!opencv-matrix
   rows: 1
   cols: 4
   dt: d
   data: [ -1.8310892449280011e-02, -8.0291311715055061e-03, 0., 0. ]
