%YAML:1.0
---
image_width: 1280
image_height: 720
camera_matrix: !!opencv-matrix
   rows: 3
   cols: 3
   dt: d
   data: [ 4.1920754115065580e+02, 0., 6.4363532765645505e+02, 0.,
       4.1627655994648086e+02, 3.6590972838826235e+02, 0., 0., 1. ]
distortion_coefficients: !!opencv-matrix
   rows: 1
   cols: 4
   dt: d
   data: [ -2.7241032352144742e-02, -6.9558357547042033e-03, 1.3205135515437429e-03, -3.0518237158418061e-04 ]
