%YAML:1.0
---
image_width: 1280
image_height: 720
multi_camera_parameters: 1

projection_parameters_front:
   k2: -5.5304275981592869e-02
   k3: -6.1607774244166833e-03
   k4: -1.2604193821681337e-04
   k5: -3.7073692924527843e-07
   mu: 4.1387969852611502e+02
   mv: 4.1520969880025723e+02
   u0: 6.0665155444687582e+02
   v0: 3.2814175955424901e+02

projection_parameters_back:
   k2: -5.0620323023477451e-02
   k3: -7.6101139087674874e-03
   k4: -2.2997409563802989e-03
   k5: 8.6722985441464501e-04
   mu: 4.1412110441521622e+02
   mv: 4.1415147621220342e+02
   u0: 6.6213797935790205e+02
   v0: 3.3811279257007811e+02

projection_parameters_left:
   k2: -5.4928511158234862e-02
   k3: -4.7156096774347636e-03
   k4: -2.7062291608021625e-03
   k5: 6.4390368664177732e-04
   mu: 4.1637852599969290e+02
   mv: 4.1636522166755481e+02
   u0: 6.5767196632555579e+02
   v0: 3.1667464220717551e+02

projection_parameters_right:
   k2: -4.1263711720295075e-02
   k3: -2.9209782833735997e-02
   k4: 2.0390633921669260e-02
   k5: -6.1485928902240217e-03
   mu: 4.1309840759530874e+02
   mv: 4.1421139048985822e+02
   u0: 6.5119899983698463e+02
   v0: 3.1591496057738198e+02
