%YAML:1.0
---
image_width: 1280
image_height: 720
multi_camera_parameters: 1

projection_parameters_front:
   k2: -5.3979074811934327e-02
   k3: -6.9774273126440006e-03
   k4: -5.9721167767228358e-04
   k5: 1.2960334902435507e-04
   mu: 4.1456763554776103e+02
   mv: 4.1493448973185883e+02
   u0: 6.0560149185168734e+02
   v0: 3.2737657324458689e+02

projection_parameters_back:
   k2: -5.8836140715749184e-02
   k3: -2.1286250505194930e-03
   k4: -2.7449431581115847e-03
   k5: 5.1442999097943984e-04
   mu: 4.1476357957954315e+02
   mv: 4.1520074990130695e+02
   u0: 6.6754292984435301e+02
   v0: 3.5759632429039317e+02

projection_parameters_left:
   k2: -6.1779672193815097e-02
   k3: 5.7173212198025451e-03
   k4: -7.8810229532650759e-03
   k5: 1.6182914838065760e-03
   mu: 4.1562463271196350e+02
   mv: 4.1592813485321363e+02
   u0: 6.5761952949217027e+02
   v0: 3.1562885129954628e+02

projection_parameters_right:
   k2: -5.2481100552139823e-02
   k3: -6.9258509916756252e-03
   k4: -4.4658378128950040e-04
   k5: 3.6541243728526132e-05
   mu: 4.1381098105270820e+02
   mv: 4.1429770880350628e+02
   u0: 6.5359071885980416e+02
   v0: 3.1283488817005008e+02
