%YAML:1.0
---
k: !!opencv-matrix
   rows: 3
   cols: 3
   dt: d
   data: [ 4.1566616267055235e+02, 0., 6.5790205754322380e+02, 0.,
       4.1579105274530230e+02, 3.1559525724837351e+02, 0., 0., 1. ]
dist_coeffs: !!opencv-matrix
   rows: 1
   cols: 4
   dt: d
   data: [ -5.8165333922176397e-02, -3.7488570835110413e-05,
       -4.2546062316898862e-03, 8.0207104549670841e-04 ]
rotation: !!opencv-matrix
   rows: 3
   cols: 3
   dt: d
   data: [ 9.9459759956822436e-01, -5.6330392198181027e-02,
       8.7192326772059500e-02, 4.9223431986818007e-02,
       -4.8358883927116103e-01, -8.7391011452884015e-01,
       9.1392935594418898e-02, 8.7348080771541303e-01,
       -4.7820352348792261e-01 ]
translation: !!opencv-matrix
   rows: 3
   cols: 1
   dt: d
   data: [ -1.0636118960070355e+00, 1.1859920615502264e+00,
       -4.3360035686510351e-01 ]
