%YAML:1.0
---
image_width: 1280
image_height: 720
camera_matrix: !!opencv-matrix
   rows: 3
   cols: 3
   dt: d
   data: [ 9.0031801172749010e+02, 5.2780754530426133e-01,
       6.5548149482612723e+02, 0., 8.9514279999339885e+02,
       3.6537604096690148e+02, 0., 0., 1. ]
xi: !!opencv-matrix
   rows: 1
   cols: 1
   dt: d
   data: [ 1.2060476788955830e+00 ]
D: !!opencv-matrix
   rows: 1
   cols: 4
   dt: d
   data: [ -3.8928875628978221e-01, 1.2253204133448484e-01,
       4.6140716542641545e-04, -5.3502869133553281e-03 ]
idx: !!opencv-matrix
   rows: 1
   cols: 117
   dt: i
   data: [ 0, 1, 2, 3, 4, 5, 6, 8, 9, 10, 11, 12, 13, 14, 15, 16, 17, 18,
       19, 20, 21, 22, 23, 24, 25, 26, 27, 28, 29, 30, 31, 32, 33, 34,
       35, 36, 37, 38, 39, 40, 41, 42, 43, 44, 45, 46, 47, 48, 49, 50,
       51, 52, 53, 54, 55, 56, 57, 58, 59, 60, 61, 62, 63, 64, 65, 66,
       67, 68, 69, 70, 71, 72, 73, 74, 75, 76, 77, 78, 79, 80, 81, 82,
       83, 84, 85, 86, 87, 88, 89, 90, 91, 92, 93, 94, 95, 96, 97, 98,
       99, 100, 101, 102, 103, 104, 105, 106, 107, 108, 109, 110, 111,
       112, 113, 114, 115, 118, 119 ]
