%YAML:1.0
---
image_width: 1280
image_height: 720
undistort_image_width: 2560
undistort_image_height: 1440
homography_0: !!opencv-matrix
   rows: 3
   cols: 3
   dt: d
   data: [ 1.5947815164466042e+00, -3.8470984103884689e+00,
       4.0251072057408089e+02, 2.8375950199528049e-01,
       -2.8113179550285285e+00, 5.8711449759721859e+02,
       4.0862585434187337e-04, -4.8557141167325773e-03, 1. ]
rvec_0: !!opencv-matrix
   rows: 3
   cols: 1
   dt: d
   data: [ 1.4871151216492753e+00, -1.5581513482105056e+00,
       1.0547495988727924e+00 ]
tvec_0: !!opencv-matrix
   rows: 3
   cols: 1
   dt: d
   data: [ -6.4926573834774293e-02, 1.5061426418045782e+00,
       -2.0867605836990912e+00 ]
homography_1: !!opencv-matrix
   rows: 3
   cols: 3
   dt: d
   data: [ -4.5805449789798640e+00, -2.5242063054407388e-01,
       1.4926833161712841e+03, -2.1061981381539341e+00,
       6.4005374001249532e-02, 6.2214333362964442e+02,
       -3.3322104383598661e-03, 1.3127423780185594e-04, 1. ]
rvec_1: !!opencv-matrix
   rows: 3
   cols: 1
   dt: d
   data: [ -1.1658973152099918e-01, 2.8013926658079522e+00,
       -1.4139869580002467e+00 ]
tvec_1: !!opencv-matrix
   rows: 3
   cols: 1
   dt: d
   data: [ 8.8250037141668858e-01, 1.4305220169887680e+00,
       -3.2165628133311291e-01 ]
homography_2: !!opencv-matrix
   rows: 3
   cols: 3
   dt: d
   data: [ 7.7248596361472666e-01, -3.7005949405649861e+00,
       1.1387693307566130e+03, 1.5405379115859300e-01,
       -1.9221101028966801e+00, 6.5721135447061090e+02,
       2.5184421132628789e-04, -2.9067173928019256e-03, 1. ]
rvec_2: !!opencv-matrix
   rows: 3
   cols: 1
   dt: d
   data: [ 1.5608647672519154e+00, 1.3919728626501522e+00,
       -9.6722492848894992e-01 ]
tvec_2: !!opencv-matrix
   rows: 3
   cols: 1
   dt: d
   data: [ 1.3475090785165852e-01, 1.4432877479667801e+00,
       -2.1516967480031579e+00 ]
homography_3: !!opencv-matrix
   rows: 3
   cols: 3
   dt: d
   data: [ -4.0501316337399649e+00, -7.0200610364765559e-01,
       1.3565098391375388e+03, -2.1057904682172368e+00,
       -2.4590684950900146e-01, 6.8253002886495744e+02,
       -3.1627738505640244e-03, -3.2618220377405563e-04, 1. ]
rvec_3: !!opencv-matrix
   rows: 3
   cols: 1
   dt: d
   data: [ 2.0717738913272878e+00, -4.9804033974641271e-03,
       1.2514867411315525e-01 ]
tvec_3: !!opencv-matrix
   rows: 3
   cols: 1
   dt: d
   data: [ -1.0636118960070355e+00, 1.1859920615502264e+00,
       -4.3360035686510351e-01 ]
